Episode,TotalReward,FinalEpsilon,TotalFrames,EpisodeSteps
1,-51.31086142322175,0.9675439394771859,1000,1000
2,-48.339483394834616,0.9361519151813016,2000,1000
3,-55.17241379310425,0.9057890438555999,3000,1000
4,-52.38095238095319,0.8764215858525181,4000,1000
5,-44.055944055944614,0.848016907641708,5000,1000
6,-28.03030303030322,0.820543445547202,6000,1000
7,-60.893854748604184,0.7939706706734139,7000,1000
8,-60.526315789474566,0.7682690549810022,8000,1000
9,-51.61290322580729,0.7434100384749007,9000,1000
10,-29.889298892989128,0.7193659974680514,10000,1000
11,-52.3809523809532,0.6961102138855771,11000,1000
12,-45.45454545454626,0.6736168455752829,12000,1000
13,-54.09836065573837,0.6518608975914947,13000,1000
14,-46.66666666666749,0.6308181944203255,14000,1000
15,-40.35087719298315,0.6104653531155071,15000,1000
16,-40.39735099337785,0.5907797573149315,16000,1000
17,-31.147540983607342,0.5717395321090338,17000,1000
18,-26.42140468227423,0.5533235197330861,18000,1000
19,-16.666666666666426,0.5355112560563938,19000,1000
20,-16.030534351145445,0.5182829478422661,20000,1000
21,-35.29411764705915,0.5016194507534955,21000,1000
22,-16.955017301038364,0.4855022480789014,22000,1000
23,-25.170068027210878,0.46991343015730236,23000,1000
24,26.315789473683946,0.45483567447604933,24000,1000
25,-40.766550522648714,0.4402522264220074,25000,1000
26,-42.30769230769249,0.4261468806635951,26000,1000
27,-67.97153024911073,0.4125039631431931,27000,1000
28,-30.79584775086534,0.39930831365991226,28000,1000
29,-30.091185410334884,0.38654526902336594,29000,1000
30,-12.727272727273357,0.3742006467597279,30000,1000
31,-6.57439446366862,0.36226072935196846,31000,1000
32,-10.780669144982104,0.35071224899675824,32000,1000
33,-7.630522088354095,0.3395423728610988,33000,1000
34,-32.475884244373425,0.3287386888222992,34000,1000
35,70.5426356589175,0.3182891916754517,35000,1000
36,-22.222222222222765,0.30818226979308005,36000,1000
37,-129.63333333333398,0.29875298798870736,36964,964
38,-89.2893470790386,0.29159549035612436,37717,753
39,-30.029154518951156,0.28236369209556894,38717,1000
40,1.1673151750972752,0.2734345481815579,39717,1000
41,-109.9302250803859,0.269477919355104,40171,454
42,-40.06309148265056,0.26097122131982814,41171,1000
43,-25.170068027211475,0.25274340601817064,42171,1000
44,-28.813559322034575,0.24478533058661528,43171,1000
45,-110.61794871794902,0.23998289650321672,43791,620
46,-38.65030674846692,0.232443160333398,44791,1000
47,-46.9696969696977,0.22515060611656285,45791,1000
48,41.34275618374456,0.21809713026440192,46791,1000
49,-25.42372881355998,0.21127489485583084,47791,1000
50,36.05442176870913,0.20467631892738244,48791,1000
51,-124.854849498328,0.1990172491921205,49676,885
52,-29.078014184397425,0.19282052668743835,50676,1000
53,-56.9892473118287,0.18682695691069065,51676,1000
54,-7.563025210084531,0.18102987972325785,52676,1000
55,-7.284768211921342,0.17542285333183597,53676,1000
56,-31.59609120521234,0.16999964713022517,54676,1000
57,27.34082397003639,0.16475423477579335,55676,1000
58,234.48275862069215,0.1596807874929197,56676,1000
59,78.7072243346045,0.15477366759597758,57676,1000
60,-54.22535211267681,0.1500274222246596,58676,1000
61,55.70934256055671,0.1454367772846826,59676,1000
62,-30.59936908517414,0.1409966315871406,60676,1000
63,-11.196911196912053,0.13670205117999212,61676,1000
64,-25.465838509317468,0.13254826386538351,62676,1000
65,-16.981132075472257,0.12853065389671617,63676,1000
66,201.41843971631633,0.12464475684956404,64676,1000
67,178.68852459016742,0.12088625466074307,65676,1000
68,-8.196721311476105,0.11725097083001859,66676,1000
69,-35.57422969187746,0.11373486577911995,67676,1000
70,-105.1215189873425,0.11075296299714651,68551,875
71,48.788927335642406,0.10744988798210789,69551,1000
72,147.3498233215587,0.10425510064646266,70551,1000
73,24.26035502958449,0.10116505089781061,71551,1000
74,255.04885993484538,0.09817630502962399,72551,1000
75,10.714285714285127,0.09528554190566477,73551,1000
76,-30.313588850175005,0.0924895492694918,74551,1000
77,266.77115987460417,0.08978522017495616,75551,1000
78,281.1074918566797,0.08716954953371937,76551,1000
79,-8.775875486378595,0.08533199486206659,77274,723
80,93.66197183099024,0.08286231831201857,78274,1000
81,170.70063694267938,0.08047360738982925,79274,1000
82,396.66666666665884,0.0781632077264905,80274,1000
83,220.13201320132427,0.07592855197356109,81274,1000
84,329.0322580645148,0.07376715695029301,82274,1000
85,275.88652482268867,0.07167662088428646,83274,1000
86,319.99999999999955,0.06965462074260657,84274,1000
87,473.4265734265676,0.06769890965039692,85274,1000
88,496.9581749049361,0.06580731439412049,86274,1000
89,483.6065573770421,0.06397773300665455,87274,1000
90,504.8951048950981,0.06220813243155526,88274,1000
91,196.29629629630114,0.060496546263897034,89274,1000
92,420.6896551724065,0.0588410725651757,90274,1000
93,657.5757575757464,0.057239871749847904,91274,1000
94,556.9343065693344,0.05569116454115797,92274,1000
95,421.3114754098321,0.05419322999398052,93274,1000
96,-23.875432525952288,0.052744403582482266,94274,1000
97,569.1449814126289,0.05134307535047756,95274,1000
98,603.180212014125,0.04998768812242265,96274,1000
99,276.3066202090484,0.04867673577306027,97274,1000
100,742.490842490832,0.047408761553792256,98274,1000
101,591.2280701754253,0.04618235647392012,99274,1000
102,639.5833333333203,0.04499615773495488,100274,1000
103,553.6144578313164,0.04384884721625625,101274,1000
104,793.7007874015641,0.042739150010318576,102274,1000
105,701.3937282229837,0.04166583300607574,103274,1000
106,675.9197324414592,0.04062770351865098,104274,1000
107,690.9407665505095,0.03962360796402861,105274,1000
108,574.3421052631477,0.03865243057717544,106274,1000
109,708.8235294117516,0.037713092172187025,107274,1000
110,457.5539568345196,0.03680454894308114,108274,1000
111,714.4329896907075,0.03592579130390602,109274,1000
112,758.6956521739039,0.03507584276687427,110274,1000
113,843.9999999999869,0.034253758857276044,111274,1000
114,646.4788732394252,0.03345862606396545,112274,1000
115,817.293233082692,0.03268956082425421,113274,1000
116,765.6716417910305,0.03194570854208444,114274,1000
117,575.0788643533006,0.031226242638389565,115274,1000
118,490.90909090908485,0.030530363632588042,116274,1000
119,610.3448275861952,0.029857298254189396,117274,1000
120,672.9083665338528,0.029206298583525206,118274,1000
121,292.523364485975,0.028576641220650324,119274,1000
122,728.1249999999894,0.02796762648149069,120274,1000
123,325.8675078864237,0.027378577620344652,121274,1000
124,849.1525423728675,0.02680884007787361,122274,1000
125,569.8717948717865,0.026257780753746573,123274,1000
126,684.3866171003601,0.025724787303130166,124274,1000
127,777.5510204081543,0.025209267456242523,125274,1000
128,901.3999999999896,0.024717514931524888,126260,986
129,694.019933554807,0.0242350174008552,127260,1000
130,666.6666666666564,0.023768338020748667,128260,1000
131,506.06060606059265,0.02331695821054667,129260,1000
132,658.3081570996826,0.022880376390686782,130260,1000
133,694.4250871080014,0.022458107425340552,131260,1000
134,905.799999999983,0.02207300066938813,132202,942
135,753.7414965986312,0.021677200628562238,133202,1000
136,902.6999999999878,0.021304545970909885,134175,973
137,718.7919463087111,0.020933938871703032,135175,1000
138,901.0999999999844,0.020579360106021585,136164,989
139,537.7245508981929,0.0202325274273411,137164,1000
140,758.1818181818056,0.019897065276348033,138164,1000
141,742.2939068100245,0.01957260088280521,139164,1000
142,867.2727272727114,0.019258773697337465,140164,1000
143,664.9122807017399,0.01895523499078411,141164,1000
144,835.3612167300221,0.018661647466686207,142164,1000
145,662.4999999999886,0.018377684886478084,143164,1000
146,692.2535211267474,0.018103031706966366,144164,1000
147,769.9999999999901,0.01783738272969406,145164,1000
148,409.67741935482775,0.017580442761799712,146164,1000
149,698.1072555204928,0.017331926287994966,147164,1000
150,772.20447284344,0.017091557153296,148164,1000
151,828.5714285714126,0.016859068256156226,149164,1000
152,853.6679536679367,0.016634201251659337,150164,1000
153,802.7777777777612,0.016416706264442787,151164,1000
154,663.2508833922136,0.016206341611032814,152164,1000
155,686.4077669902775,0.01600287353128237,153164,1000
156,634.5132743362749,0.01580607592861358,154164,1000
157,814.7540983606435,0.01561573011877607,155164,1000
158,796.551724137916,0.015431624586841945,156164,1000
159,354.8611111110994,0.015253554752167447,157164,1000
160,714.1891891891755,0.01508132274106011,158164,1000
161,698.0769230769123,0.014914737166898697,159164,1000
162,909.7999999999854,0.014769166777131498,160066,902
163,871.1191335739986,0.014612814892725465,161066,1000
164,888.372093023247,0.014461588832787246,162066,1000
165,899.9999999999836,0.014315320552802541,163066,1000
166,481.5384615384516,0.014173847517411528,164066,1000
167,772.9096989966403,0.01403701251979728,165066,1000
168,764.9517684887322,0.013904663506995362,166066,1000
169,886.2068965517085,0.01377665341093045,167066,1000
170,758.4615384615291,0.013652839984992216,168066,1000
171,902.1999999999838,0.013535677525682369,169044,978
172,775.8865248226839,0.013419764228952368,170044,1000
173,540.1179941002866,0.013307651022095164,171044,1000
174,787.043189368761,0.013199213323346205,172044,1000
175,911.8999999999841,0.013106629189409932,172925,881
176,886.0627177700206,0.01300478177022465,173925,1000
177,902.2999999999886,0.012908502303804248,174902,977
178,732.1917808219027,0.012813150256528473,175902,1000
179,865.7534246575179,0.012720924221189424,176902,1000
180,889.898989898973,0.012631721714925874,177902,1000
181,864.6017699114874,0.01254544361466442,178902,1000
182,842.857142857128,0.012461994046972543,179902,1000
183,679.0368271954588,0.012381280281522695,180902,1000
184,691.9075144508519,0.012303212628049075,181902,1000
185,902.8999999999822,0.012229858825376428,182873,971
186,900.1999999999823,0.012156899146189386,183871,998
187,825.3246753246589,0.012086187581310267,184871,1000
188,906.7999999999853,0.01202237307156916,185803,932
189,859.99999999999,0.01195607179600294,186803,1000
190,840.5204460966414,0.011891944134792795,187803,1000
191,749.6932515337328,0.01182991882838409,188803,1000
192,568.8102893890546,0.01176992695338826,189803,1000
193,900.7999999999865,0.011712358414026154,190795,992
194,888.2812499999859,0.01165622062784193,191795,1000
195,854.8611111110936,0.01160192325719913,192795,1000
196,751.5151515151347,0.011549405966099578,193795,1000
197,889.7610921501529,0.011498610396594389,194795,1000
198,804.7619047618898,0.011449480103935815,195795,1000
199,890.0662251655534,0.011401960493855052,196795,1000
200,767.3139158575906,0.01135599876189631,197795,1000
